000000000000000000000000000000000000000000000000000000000000000000000000000000000000000000000000000000
000000000000000000000000000000000000000000000000000000000000000000000000000000000000000000000000000000
000000000000000000000000000000000000000000000000000000000000000000000000000000000000000000000000000000
000000000000000000000000000000000000000000000000000000000000000000000000000000000000000000000000000000
000000000000000000000000000000000000000000000000000000000000000000000000000000000000000000000000000000
000000000000000000000000000000000000000000000000000000000000000000000000000000000000000000000000000000
000000000000000000000000000000000000000000000000000000000000000000000000000000000000000000000000000000
000000000000000000000000000000000000000000000000000000000000000000000000000000000000000000000000000000
000000000000000000000000000000000000000000000000000000000000000000000000000000000000000000000000000000
000000000000000000000000000000000000000000000000000000000000000000000000000000000000000000000000000000
000000000000000000000000000000000000000000000000000000000000000000000000000000000000000000000000000000
000000000000000000000000000000000000000000000000000000000000000000000000000000000000000000000000000000
000000000000000000000000000000000000000000000000000000000000000000000000000000000000000000000000000000
000000000000000000000000000000000000000000000000000000000000000000000000000000000000000000000000000000
000000000000000000000000000000000000000000000000000000000000000000000000000000000000000000000000000000
000000000000000000000000000000000000000000000000000000000000000000000000000000000000000000000000000000
000000000000000000000000000000000000000000000000000000000000000000000000000000000000000000000000000000
000000000000000000000000000000000000000000000000000000000000000000000000000000000000000000000000000000
000000000000000000000000000000000000000000000000000000000000000000000011111111110000000000000000000000
000011001100111111000000000011001100111111001100000000000000000000111122222222221100000000000000000000
000011001100110011000000000011001100110011001100000000001100001111222222222222221100000000000000000000
000011111100110011001111110011111100110011001100000000112211112222222222222222222211000000000000000000
000011001100111111000000000011001100111111000000000000001122222222221111111111112222111100000000000000
000011001100110011000000000011001100110011001100000000000011222211113333333333331122222211110000000000
000000000000000000000000000000000000000000000000000000000011111133333333333333333311222222221100000000
000000000000000000000000000000000000000000000000000000001133333311333333333333333333112222222211000000
000000000000000000000000000000000000000000000000000000113333331133333333333333333333331122222222110000
000000000000000000000000000000000000000000000000000011111111111111111111111133333333331122222222110000
000000000000000000000000000000000000000000000000000011001100001100001100000011333333331122222222110000
000000000000000000000000000000000000000000000000000011000000001100000000000000113333112222222222110000
000000000000000000000000000000000000000000000000000000111111111111110000000011333333112222222222110000
000000000000000000000000000000000000000000000000000011333333333333331111111133333333111111222222110000
000000000000000000000000000000000000000000000000000000113333333333113333333333333333113333112222221100
000011110000000000000000000000000000000000000000111111333333333333333333333333333333333333111111221100
001133331111000000000000000000000000000000000011333333333333333333333333333333333333333333113333111100
001133333333111100000000000000000000000000000011333333333333333333111111111111111133333333333311331100
000011113333333311110000000000000000000000000000111111111111111111004444441111111111333333333333111100
000000111111333333331111000000000000000000000000000000000000000011444411111111111111113333331111221100
000011333333113333333333111111000000000000000000000000000000000011111111111111111111111133112222221100
000011113333333333333333333333111100000000000000000000000011111111111111111111111111113333112222110000
001133331133333333333333333333333311110000000011111100001133333311111111444455555511333333112222110000
001133333311331111333333333333333333331111001166666611117711333333333333333333333333333311771122110000
000011333333113333113333333333333333333333111111666666117777113333333333333333333333331177771122110000
000000111111333333333333333333333333333333333333116666117777771133333333333333333333117777777711110000
000000000000113333333333333333333333333333333333116666117777116611333333333333331111777777777777771100
000000000000001111111111113333333333333333333333116611777711666666111111111111116611777777777777116611
000000000000000000000000001111113333333333333333116611771166666666666666666666661177777777777711666666
000000000000000000000000000000001111113333333311551177771166666666666666666666117777777777771166666666
000000000000000000000000000000000000001111111155551177771166666666666666666611777777777777771166666666
000000000000000000000000000000000000000011551155117777771166661111111166666611777777777777771166666666
000000000000000000000000000000000000000000115555117777771166665555555511666611777777777777771166666666
000000000000000000000000000000000000000000001111117777116666666666666666666611777777777777771166666666